0.0158394
1.64269e+09
1.56089e+09
1.61345e+09
1.41423e+09
1.10876e+09
9.47343e+08
8.58668e+08
7.59357e+08
7.01045e+08
6.24395e+08
5.24635e+08
4.93465e+08
4.25572e+08
3.94127e+08
3.48117e+08
3.01812e+08
2.88827e+08
2.70156e+08
2.53508e+08
2.37355e+08
2.18056e+08
2.02598e+08
1.85956e+08
1.71044e+08
1.56542e+08
1.45508e+08
1.37951e+08
1.28267e+08
1.18982e+08
1.13004e+08
1.03564e+08
9.87388e+07
9.17637e+07
8.63313e+07
8.30219e+07
7.58101e+07
7.30099e+07
6.83213e+07
6.34438e+07
6.06341e+07
5.63919e+07
5.32558e+07
5.00912e+07
4.72098e+07
4.43478e+07
4.14022e+07
3.95944e+07
3.71801e+07
3.51466e+07
3.27542e+07
3.1086e+07
2.90368e+07
2.72671e+07
2.61075e+07
2.46388e+07
2.28674e+07
2.1657e+07
2.0089e+07
1.89203e+07
1.7925e+07
1.68243e+07
1.59669e+07
1.50397e+07
1.41063e+07
1.32987e+07
1.24176e+07
1.1554e+07
1.08843e+07
1.01481e+07
9.62595e+06
8.97999e+06
8.36412e+06
7.80882e+06
7.34901e+06
6.85959e+06
6.45503e+06
6.07372e+06
5.56697e+06
5.22249e+06
4.96107e+06
4.61952e+06
4.26131e+06
3.98284e+06
3.70369e+06
3.47494e+06
3.23304e+06
3.02238e+06
2.82423e+06
2.63664e+06
2.45247e+06
2.29066e+06
2.16055e+06
2.00463e+06
1.88425e+06
1.75179e+06
1.65301e+06
1.56418e+06
1.46737e+06
1.38314e+06
1.28801e+06
1.17396e+06
1.08361e+06
987487
909244
834810
759437
699203
644314
592051
542172
493178
456121
417563
383176
351633
324070
297082
273072
248737
230302
208047
191714
175274
162668
148474
136193
124742
115404
106322
97286.6
89604.9
81857.6
76037.3
69531.5
64691.2
58975.5
54333.9
49555.9
45612.9
41855.9
37026.2
33097.2
29617.3
26964.9
24090.8
22011.8
20455.6
17984.4
16688.2
15318.7
13620
12335.3
11197.3
10070.8
9247.7
8584.58
7575.46
7129.84
6714.91
6230.47
5711.3
5340.93
5205.32
4614.16
4316.65
3729.01
3783.75
4271
3592.31
3248.77
3400.64
4519.19
3457.36
0
0
0
0
0
0
0
0
0
0
0
0
0
0
0
0
0
0
0
0
0
0
0
0
0
0
