0.000154273
2.5576e+07
2.41808e+07
2.48397e+07
2.15815e+07
1.67001e+07
1.4084e+07
1.25363e+07
1.08548e+07
9.80131e+06
8.52912e+06
6.95654e+06
6.3814e+06
5.35002e+06
4.76685e+06
4.06926e+06
3.40164e+06
3.11341e+06
2.79041e+06
2.49998e+06
2.22822e+06
1.95533e+06
1.71846e+06
1.49362e+06
1.29633e+06
1.12487e+06
980735
875066
761219
658413
586972
497767
443419
380768
330582
295851
247473
218792
187846
160185
140268
120545
103451
90336.6
77336.5
66901.9
58335.8
51669.3
44715.3
40085.8
34969.6
27124.5
21297.2
17164.5
14183.4
11426.8
9204.16
7516.5
6246.84
5116.73
4236.49
3548.58
3046.22
2579.45
2103.39
1766.61
1512.82
1302.67
1087.88
877.138
751.263
544.35
453.375
371.071
304.049
239.773
197.228
160.953
135.116
111.212
104.566
89.6783
88.9848
74.1073
63.6494
56.6354
72.7124
0
0
0
0
0
0
0
0
0
0
0
0
0
