1.17375e+07
2.38921e+07
2.56722e+07
2.59781e+07
1.86934e+07
1.52484e+07
1.31046e+07
1.12601e+07
1.02207e+07
8.7903e+06
7.12625e+06
6.45228e+06
5.34219e+06
4.74553e+06
3.97211e+06
3.3439e+06
2.99843e+06
2.7075e+06
2.35851e+06
2.07831e+06
1.84196e+06
1.54761e+06
1.34014e+06
1.17692e+06
993596
879138
754078
656173
567984
489649
419884
359298
316887
265584
232758
195339
165420
144034
121723
103854
89652.7
76246.2
65403.6
56483
48920.6
42882.6
37331.1
30286.6
22997.5
18342.8
14661.8
11714.5
9354.97
7470.67
6109.69
4933.68
4072.15
3384.52
2842.81
2334.48
1932.95
1606.54
1352.47
1122.65
934.034
745.51
542.898
457.922
351.09
281.339
232.199
184.076
149.938
123.963
105.09
92.6989
87.7613
74.1073
63.6494
61.7124
