7.52242e+08
1.53532e+09
1.65869e+09
1.69381e+09
1.20503e+09
9.71542e+08
9.08419e+08
7.64936e+08
7.25567e+08
6.27733e+08
5.39907e+08
4.91113e+08
4.23302e+08
3.8984e+08
3.35982e+08
2.94813e+08
2.83979e+08
2.65558e+08
2.41146e+08
2.2491e+08
2.08328e+08
1.89423e+08
1.72945e+08
1.58758e+08
1.45081e+08
1.36707e+08
1.25866e+08
1.18776e+08
1.07557e+08
1.02348e+08
9.5388e+07
8.79212e+07
8.50988e+07
7.68125e+07
7.40727e+07
6.8548e+07
6.35621e+07
6.01738e+07
5.62596e+07
5.26068e+07
4.89687e+07
4.5854e+07
4.31888e+07
4.0331e+07
3.78723e+07
3.58275e+07
3.33761e+07
3.1125e+07
2.92345e+07
2.7218e+07
2.59421e+07
2.44281e+07
2.25295e+07
2.09413e+07
1.95561e+07
1.83718e+07
1.72434e+07
1.6282e+07
1.52032e+07
1.4286e+07
1.33388e+07
1.23912e+07
1.151e+07
1.07549e+07
1.00218e+07
9.40466e+06
8.74134e+06
8.06752e+06
7.54604e+06
7.01593e+06
6.56365e+06
6.14366e+06
5.60116e+06
5.22653e+06
4.92934e+06
4.57572e+06
4.19087e+06
3.89462e+06
3.62492e+06
3.35349e+06
3.10832e+06
2.89394e+06
2.69426e+06
2.48767e+06
2.31271e+06
2.16118e+06
1.99714e+06
1.87224e+06
1.73244e+06
1.63179e+06
1.52993e+06
1.42494e+06
1.33081e+06
1.22329e+06
1.10934e+06
1.00951e+06
923155
836109
759603
694542
632368
580883
522613
479857
435512
396047
363173
331655
301764
274913
249488
229235
205584
187624
171510
157242
141585
129954
119025
108966
98988.5
90431.5
82206.2
75957.3
68628
63365.7
58397.5
51857.7
48166.9
43524.4
38941.1
33803.3
30892
27211.3
24135.4
22099.3
20037.2
17707
16348.8
14683.1
13017.2
11821
10751.2
9277.81
8698.05
7787.54
7243.1
6678.58
6244.89
5721.3
5347.14
4924.65
4415.17
4000.82
3718.1
4227.66
3715.51
3531.28
2864.31
4463.31
