1.83797e+11
3.75302e+11
4.05928e+11
4.15544e+11
2.96565e+11
2.39989e+11
2.25481e+11
1.90816e+11
1.82296e+11
1.58807e+11
1.36044e+11
1.26172e+11
1.09062e+11
1.02309e+11
8.88258e+10
7.88262e+10
7.66239e+10
7.29919e+10
6.70402e+10
6.36564e+10
5.92764e+10
5.51179e+10
5.09521e+10
4.75988e+10
4.45409e+10
4.26282e+10
3.98005e+10
3.86442e+10
3.56473e+10
3.4425e+10
3.30117e+10
3.09183e+10
3.08407e+10
2.84212e+10
2.82673e+10
2.66506e+10
2.55127e+10
2.46048e+10
2.37147e+10
2.27734e+10
2.193e+10
2.11404e+10
2.04299e+10
1.97327e+10
1.91218e+10
1.8699e+10
1.78831e+10
1.74173e+10
1.68279e+10
1.63587e+10
1.59872e+10
1.56763e+10
1.50248e+10
1.45021e+10
1.40952e+10
1.37826e+10
1.34386e+10
1.32212e+10
1.28455e+10
1.25825e+10
1.23163e+10
1.19453e+10
1.15178e+10
1.12742e+10
1.10041e+10
1.07838e+10
1.05169e+10
1.0179e+10
9.9974e+09
9.72905e+09
9.58232e+09
9.39477e+09
9.04647e+09
8.82078e+09
8.80043e+09
8.55175e+09
8.28593e+09
8.13983e+09
7.91301e+09
7.74798e+09
7.55137e+09
7.43023e+09
7.30706e+09
7.08165e+09
6.93511e+09
6.80573e+09
6.61425e+09
6.47895e+09
6.35462e+09
6.23236e+09
6.08307e+09
5.93195e+09
5.81597e+09
5.71774e+09
5.60361e+09
5.45655e+09
5.3608e+09
5.24436e+09
5.09465e+09
4.9991e+09
4.88509e+09
4.7887e+09
4.67609e+09
4.58627e+09
4.46639e+09
4.38265e+09
4.28135e+09
4.19818e+09
4.06269e+09
3.994e+09
3.8938e+09
3.81352e+09
3.7292e+09
3.63521e+09
3.54639e+09
3.50176e+09
3.39699e+09
3.33681e+09
3.25275e+09
3.1873e+09
3.1112e+09
3.02755e+09
2.96259e+09
2.89453e+09
2.82799e+09
2.76655e+09
2.69123e+09
2.61448e+09
2.56608e+09
2.51185e+09
2.45554e+09
2.39797e+09
2.34746e+09
2.27935e+09
2.22453e+09
2.17926e+09
2.12477e+09
2.05831e+09
2.01571e+09
1.97005e+09
1.92076e+09
1.87118e+09
1.83221e+09
1.78253e+09
1.74021e+09
1.69477e+09
1.6439e+09
1.61337e+09
1.56306e+09
1.51959e+09
1.47486e+09
1.45139e+09
1.41493e+09
1.37187e+09
1.33646e+09
1.30269e+09
1.27378e+09
1.23614e+09
1.20339e+09
1.16926e+09
1.14376e+09
1.10189e+09
1.08245e+09
1.04628e+09
1.02189e+09
9.89727e+08
9.64319e+08
9.3797e+08
9.13296e+08
8.88007e+08
8.66192e+08
8.35996e+08
8.16162e+08
7.89808e+08
7.69102e+08
7.52225e+08
7.25703e+08
7.05594e+08
6.85659e+08
6.65949e+08
6.45895e+08
6.2824e+08
6.08712e+08
5.89669e+08
5.73533e+08
5.58448e+08
5.39886e+08
5.23173e+08
5.0757e+08
4.94682e+08
4.78043e+08
4.64494e+08
4.50424e+08
4.36931e+08
4.23318e+08
4.10546e+08
3.98521e+08
3.8653e+08
3.73897e+08
3.62035e+08
3.50688e+08
3.40844e+08
3.29765e+08
3.19274e+08
3.09573e+08
3.00001e+08
2.90744e+08
2.82531e+08
2.72405e+08
2.65262e+08
2.56789e+08
2.49055e+08
2.41076e+08
2.33575e+08
2.26211e+08
2.18751e+08
2.11917e+08
2.05631e+08
1.99282e+08
1.94096e+08
1.87381e+08
1.82433e+08
1.76134e+08
1.71441e+08
1.66872e+08
1.61276e+08
1.56789e+08
1.52244e+08
1.48437e+08
1.44431e+08
1.39967e+08
1.36035e+08
1.31328e+08
1.27197e+08
1.22661e+08
1.1839e+08
1.14092e+08
1.10081e+08
1.0633e+08
1.02969e+08
9.94915e+07
9.54192e+07
9.20859e+07
8.89865e+07
8.59584e+07
8.32228e+07
8.00525e+07
7.7327e+07
7.43637e+07
7.19152e+07
6.92035e+07
6.66684e+07
6.4183e+07
6.1866e+07
5.98731e+07
5.74426e+07
5.55957e+07
5.37395e+07
5.14989e+07
4.97277e+07
4.78193e+07
4.62241e+07
4.43527e+07
4.26963e+07
4.10441e+07
3.96311e+07
3.81359e+07
3.667e+07
3.53127e+07
3.39701e+07
3.28241e+07
3.13974e+07
3.02634e+07
2.92876e+07
2.80727e+07
2.70217e+07
2.60055e+07
2.49454e+07
2.40344e+07
2.31522e+07
2.2273e+07
2.14573e+07
2.05491e+07
1.98331e+07
1.9028e+07
1.83751e+07
1.764e+07
1.69808e+07
1.62869e+07
1.56779e+07
1.51099e+07
1.44971e+07
1.39276e+07
1.33538e+07
1.28864e+07
1.24163e+07
1.18915e+07
1.14305e+07
1.10083e+07
1.05753e+07
1.01661e+07
9.78608e+06
9.40778e+06
9.01917e+06
8.72619e+06
8.37107e+06
8.04083e+06
7.74893e+06
7.48309e+06
7.18016e+06
6.92654e+06
6.67707e+06
6.38372e+06
6.17754e+06
5.94367e+06
5.71953e+06
5.49459e+06
5.27894e+06
5.11e+06
4.8925e+06
4.69822e+06
4.51895e+06
4.33813e+06
4.13721e+06
3.99394e+06
3.77319e+06
3.62486e+06
3.44319e+06
3.2769e+06
3.11333e+06
2.96716e+06
2.85305e+06
2.7225e+06
2.61216e+06
2.48707e+06
2.39386e+06
2.26633e+06
2.18623e+06
2.07677e+06
2.00726e+06
1.9075e+06
1.81387e+06
1.7455e+06
1.66183e+06
1.58952e+06
1.51277e+06
1.45214e+06
1.39487e+06
1.33733e+06
1.26925e+06
1.22515e+06
1.15965e+06
1.12807e+06
1.06594e+06
1.02391e+06
980879
937514
910771
867730
832116
784895
753790
731546
705449
672401
652264
622255
595919
578943
551985
529797
503745
494577
474265
452456
441156
419814
404835
398167
392396
370424
363198
353407
343323
335027
331852
319962
311928
309005
296708
288191
291789
275618
278891
278155
289224
240892
236915
273416
244813
