7.20168
4.01534e+11
3.81891e+11
3.95463e+11
3.47405e+11
2.73292e+11
2.34392e+11
2.13417e+11
1.8985e+11
1.76319e+11
1.5805e+11
1.33884e+11
1.26763e+11
1.10171e+11
1.03087e+11
9.18924e+10
8.04346e+10
7.79186e+10
7.37171e+10
7.00417e+10
6.64619e+10
6.17891e+10
5.83101e+10
5.42796e+10
5.07564e+10
4.71662e+10
4.45874e+10
4.29908e+10
4.0667e+10
3.84503e+10
3.71391e+10
3.47645e+10
3.37504e+10
3.2086e+10
3.08835e+10
3.02887e+10
2.82968e+10
2.78975e+10
2.67405e+10
2.54363e+10
2.49227e+10
2.37811e+10
2.30473e+10
2.21842e+10
2.15268e+10
2.08004e+10
1.99618e+10
1.96154e+10
1.90101e+10
1.85159e+10
1.77619e+10
1.7442e+10
1.67776e+10
1.63229e+10
1.61397e+10
1.57233e+10
1.51433e+10
1.48191e+10
1.42486e+10
1.39514e+10
1.36737e+10
1.33388e+10
1.31306e+10
1.28405e+10
1.25303e+10
1.23133e+10
1.19582e+10
1.15737e+10
1.13506e+10
1.10498e+10
1.09264e+10
1.06324e+10
1.03492e+10
1.00814e+10
9.93782e+09
9.67554e+09
9.55048e+09
9.39127e+09
9.03507e+09
8.8481e+09
8.8084e+09
8.60837e+09
8.36345e+09
8.18747e+09
8.00075e+09
7.8501e+09
7.69347e+09
7.51429e+09
7.37671e+09
7.26076e+09
7.07595e+09
6.92257e+09
6.81364e+09
6.64006e+09
6.52536e+09
6.36557e+09
6.256e+09
6.15956e+09
6.03076e+09
5.88563e+09
5.7955e+09
5.66514e+09
5.59084e+09
5.44564e+09
5.35229e+09
5.24486e+09
5.12469e+09
4.99491e+09
4.9179e+09
4.84973e+09
4.71421e+09
4.61549e+09
4.54125e+09
4.44968e+09
4.36008e+09
4.24947e+09
4.1955e+09
4.0566e+09
3.99077e+09
3.90923e+09
3.83059e+09
3.7433e+09
3.67621e+09
3.57512e+09
3.53012e+09
3.45176e+09
3.37467e+09
3.32259e+09
3.23519e+09
3.1744e+09
3.11184e+09
3.02978e+09
2.97037e+09
2.90408e+09
2.84078e+09
2.7891e+09
2.72772e+09
2.64811e+09
2.59069e+09
2.54792e+09
2.49375e+09
2.44693e+09
2.38845e+09
2.34404e+09
2.28214e+09
2.2281e+09
2.18904e+09
2.13463e+09
2.08178e+09
2.03097e+09
1.99099e+09
1.95239e+09
1.89885e+09
1.86026e+09
1.81995e+09
1.77857e+09
1.73604e+09
1.69561e+09
1.64729e+09
1.61834e+09
1.57635e+09
1.52886e+09
1.49436e+09
1.46389e+09
1.43519e+09
1.40092e+09
1.35781e+09
1.32762e+09
1.29849e+09
1.27055e+09
1.23783e+09
1.20423e+09
1.17551e+09
1.1487e+09
1.11682e+09
1.08622e+09
1.06289e+09
1.03657e+09
1.00901e+09
9.82723e+08
9.56239e+08
9.34945e+08
9.11032e+08
8.87429e+08
8.67503e+08
8.41273e+08
8.19885e+08
7.96467e+08
7.7683e+08
7.60421e+08
7.39071e+08
7.18639e+08
6.98125e+08
6.80793e+08
6.62685e+08
6.43289e+08
6.28274e+08
6.10156e+08
5.91406e+08
5.77663e+08
5.62961e+08
5.45554e+08
5.30846e+08
5.15942e+08
5.01503e+08
4.90052e+08
4.74441e+08
4.62379e+08
4.48317e+08
4.36103e+08
4.2422e+08
4.12215e+08
4.00681e+08
3.89894e+08
3.78219e+08
3.66796e+08
3.56657e+08
3.46062e+08
3.36908e+08
3.27288e+08
3.17701e+08
3.07767e+08
2.99943e+08
2.90927e+08
2.83683e+08
2.74044e+08
2.67175e+08
2.59904e+08
2.52203e+08
2.45291e+08
2.37762e+08
2.30548e+08
2.24448e+08
2.17421e+08
2.10851e+08
2.05427e+08
1.99393e+08
1.94589e+08
1.88568e+08
1.83686e+08
1.78184e+08
1.73267e+08
1.69216e+08
1.64373e+08
1.59569e+08
1.55543e+08
1.51428e+08
1.47985e+08
1.44063e+08
1.40062e+08
1.36526e+08
1.31946e+08
1.2828e+08
1.24153e+08
1.19904e+08
1.16237e+08
1.12423e+08
1.0853e+08
1.05373e+08
1.02128e+08
9.89154e+07
9.52512e+07
9.21788e+07
8.92053e+07
8.65747e+07
8.36445e+07
8.10819e+07
7.84271e+07
7.57853e+07
7.31505e+07
7.08253e+07
6.84258e+07
6.61825e+07
6.37832e+07
6.17184e+07
5.98607e+07
5.76384e+07
5.58289e+07
5.4178e+07
5.21399e+07
5.0477e+07
4.85775e+07
4.71475e+07
4.53857e+07
4.3805e+07
4.2372e+07
4.07822e+07
3.95127e+07
3.8123e+07
3.67832e+07
3.54648e+07
3.43347e+07
3.30951e+07
3.19223e+07
3.0757e+07
2.97958e+07
2.88325e+07
2.76858e+07
2.6814e+07
2.57948e+07
2.48943e+07
2.39913e+07
2.31914e+07
2.24077e+07
2.16339e+07
2.07993e+07
2.00787e+07
1.93822e+07
1.87016e+07
1.80428e+07
1.74419e+07
1.67763e+07
1.6191e+07
1.55972e+07
1.51039e+07
1.45148e+07
1.40104e+07
1.34492e+07
1.29993e+07
1.2614e+07
1.21157e+07
1.16611e+07
1.12447e+07
1.08689e+07
1.04536e+07
1.00899e+07
9.74821e+06
9.38873e+06
9.03645e+06
8.76981e+06
8.40795e+06
8.14082e+06
7.85251e+06
7.59227e+06
7.32444e+06
7.06471e+06
6.84413e+06
6.5934e+06
6.35535e+06
6.1282e+06
5.94686e+06
5.7307e+06
5.50598e+06
5.32675e+06
5.13153e+06
4.99477e+06
4.75831e+06
4.60244e+06
4.45496e+06
4.2507e+06
4.09879e+06
3.95471e+06
3.74319e+06
3.6222e+06
3.44531e+06
3.2785e+06
3.14821e+06
3.01634e+06
2.88596e+06
2.77219e+06
2.65519e+06
2.56886e+06
2.4413e+06
2.34876e+06
2.25512e+06
2.16919e+06
2.07735e+06
2.00702e+06
1.91422e+06
1.83151e+06
1.75729e+06
1.6958e+06
1.61948e+06
1.55179e+06
1.47664e+06
1.43433e+06
1.38355e+06
1.31177e+06
1.266e+06
1.21866e+06
1.15764e+06
1.13161e+06
1.07378e+06
1.03695e+06
992604
954162
924574
893635
850735
809667
781325
754880
728266
702963
677624
656277
621588
600537
589489
564496
544055
514521
504502
486444
470057
452339
440959
417691
414147
393104
399090
379627
367972
351914
350254
337060
334390
330977
319951
311820
310626
297794
287529
294657
279130
259894
291258
280615
267048
235781
236915
273417
281482
61470
0
0
0
0
0
0
0
0
0
0
0
0
0
0
0
0
0
0
0
0
0
0
0
0
0
0
0
0
0
0
0
0
0
0
0
0
0
0
0
0
0
0
0
0
0
0
0
0
0
0
0
0
0
0
0
0
0
0
0
0
0
0
0
0
0
0
