1.19613e+08
1.52061e+09
1.63353e+09
1.68561e+09
1.18385e+09
9.64392e+08
8.94968e+08
7.6023e+08
7.18032e+08
6.22768e+08
5.3635e+08
4.86595e+08
4.19674e+08
3.87324e+08
3.32764e+08
2.92114e+08
2.81583e+08
2.63374e+08
2.38897e+08
2.22947e+08
2.06494e+08
1.88075e+08
1.71677e+08
1.57535e+08
1.44043e+08
1.35891e+08
1.24985e+08
1.17788e+08
1.06881e+08
1.01699e+08
9.47561e+07
8.72892e+07
8.45021e+07
7.62174e+07
7.35499e+07
6.80687e+07
6.31589e+07
5.97375e+07
5.59085e+07
5.22793e+07
4.86681e+07
4.56197e+07
4.29289e+07
4.0111e+07
3.76868e+07
3.56055e+07
3.31954e+07
3.09696e+07
2.9121e+07
2.7112e+07
2.58028e+07
2.43105e+07
2.24192e+07
2.08508e+07
1.94869e+07
1.82752e+07
1.71889e+07
1.62361e+07
1.51563e+07
1.42388e+07
1.33e+07
1.23586e+07
1.14828e+07
1.07284e+07
1.00021e+07
9.38984e+06
8.73192e+06
8.06049e+06
7.54118e+06
7.01475e+06
6.56905e+06
6.1531e+06
5.609e+06
5.23673e+06
4.94024e+06
4.58807e+06
4.20639e+06
3.90874e+06
3.64448e+06
3.37273e+06
3.12819e+06
2.91557e+06
2.71611e+06
2.50888e+06
2.3383e+06
2.18324e+06
2.01864e+06
1.89599e+06
1.75809e+06
1.65895e+06
1.55459e+06
1.44938e+06
1.35613e+06
1.24728e+06
1.13206e+06
1.03169e+06
943875
856114
778320
713885
648782
597603
539602
495540
450613
410517
376984
344567
313982
287146
261022
240373
216597
197975
181402
166342
150529
138563
127544
117385
106797
97368.5
89148.7
82576
75110.8
69333.5
64424
57119.4
53396
48513.1
43796.3
38254.8
35061.1
30836.3
27328.8
25058.8
22600.9
20076.6
18413
16504
14457.2
13036.1
11906.9
10246
9595.3
8577.76
7920.95
7285.55
6814.72
6314.37
5895.9
5404.11
4920.71
4441.73
4065.44
4626.24
4300.79
3976.77
3165.97
4257.99
