2.8436e+10
3.73602e+11
4.00991e+11
4.14328e+11
2.92912e+11
2.39151e+11
2.23549e+11
1.90288e+11
1.81356e+11
1.58162e+11
1.35434e+11
1.25665e+11
1.08652e+11
1.02044e+11
8.84277e+10
7.85103e+10
7.63131e+10
7.27254e+10
6.67566e+10
6.33914e+10
5.90006e+10
5.49403e+10
5.07751e+10
4.74319e+10
4.43795e+10
4.25213e+10
3.96644e+10
3.84847e+10
3.55189e+10
3.43107e+10
3.28979e+10
3.07972e+10
3.07176e+10
2.83184e+10
2.81599e+10
2.65663e+10
2.54182e+10
2.4512e+10
2.363e+10
2.26948e+10
2.18626e+10
2.10689e+10
2.03582e+10
1.96626e+10
1.90597e+10
1.8628e+10
1.78145e+10
1.73552e+10
1.67736e+10
1.631e+10
1.59304e+10
1.56246e+10
1.49708e+10
1.44472e+10
1.40498e+10
1.37292e+10
1.33854e+10
1.3178e+10
1.28001e+10
1.25356e+10
1.22713e+10
1.18981e+10
1.1478e+10
1.12352e+10
1.09679e+10
1.07471e+10
1.0484e+10
1.01471e+10
9.96115e+09
9.69217e+09
9.54535e+09
9.36098e+09
9.01654e+09
8.79096e+09
8.7682e+09
8.52577e+09
8.25631e+09
8.11587e+09
7.88778e+09
7.72159e+09
7.52634e+09
7.41095e+09
7.28278e+09
7.05765e+09
6.91123e+09
6.78351e+09
6.59098e+09
6.45753e+09
6.33642e+09
6.21326e+09
6.06291e+09
5.91192e+09
5.79628e+09
5.69905e+09
5.58633e+09
5.43958e+09
5.34334e+09
5.22816e+09
5.07972e+09
4.98478e+09
4.87072e+09
4.77647e+09
4.66192e+09
4.57107e+09
4.45315e+09
4.37032e+09
4.26929e+09
4.18595e+09
4.05061e+09
3.98196e+09
3.88234e+09
3.8021e+09
3.71785e+09
3.62429e+09
3.53667e+09
3.492e+09
3.38709e+09
3.32768e+09
3.24386e+09
3.17882e+09
3.10245e+09
3.01965e+09
2.95492e+09
2.88667e+09
2.82033e+09
2.75877e+09
2.68405e+09
2.60797e+09
2.55951e+09
2.50541e+09
2.44848e+09
2.39188e+09
2.34154e+09
2.2734e+09
2.21922e+09
2.17417e+09
2.11968e+09
2.05355e+09
2.01067e+09
1.96565e+09
1.9161e+09
1.86642e+09
1.82845e+09
1.77856e+09
1.73655e+09
1.69101e+09
1.64096e+09
1.61021e+09
1.5597e+09
1.51661e+09
1.47179e+09
1.44864e+09
1.41247e+09
1.36937e+09
1.33416e+09
1.3002e+09
1.27137e+09
1.23405e+09
1.20153e+09
1.16752e+09
1.14206e+09
1.10023e+09
1.08075e+09
1.0448e+09
1.02045e+09
9.8836e+08
9.62939e+08
9.36828e+08
9.12254e+08
8.8698e+08
8.6514e+08
8.3528e+08
8.15338e+08
7.89062e+08
7.68434e+08
7.51503e+08
7.25282e+08
7.05067e+08
6.85246e+08
6.65728e+08
6.45547e+08
6.2803e+08
6.08629e+08
5.89525e+08
5.73356e+08
5.58491e+08
5.39908e+08
5.23377e+08
5.07664e+08
4.94798e+08
4.78187e+08
4.64664e+08
4.50593e+08
4.37321e+08
4.23769e+08
4.10883e+08
3.98962e+08
3.87091e+08
3.74392e+08
3.62471e+08
3.512e+08
3.41469e+08
3.30458e+08
3.19852e+08
3.10249e+08
3.00639e+08
2.91395e+08
2.83267e+08
2.7317e+08
2.65937e+08
2.57515e+08
2.49847e+08
2.41896e+08
2.34308e+08
2.27054e+08
2.19585e+08
2.12777e+08
2.06523e+08
2.00173e+08
1.95061e+08
1.88171e+08
1.83325e+08
1.77026e+08
1.72351e+08
1.6774e+08
1.62213e+08
1.57684e+08
1.53181e+08
1.49367e+08
1.45396e+08
1.40891e+08
1.37025e+08
1.32293e+08
1.28119e+08
1.23566e+08
1.19336e+08
1.15005e+08
1.11028e+08
1.0723e+08
1.03832e+08
1.004e+08
9.6291e+07
9.29506e+07
8.9818e+07
8.6768e+07
8.40474e+07
8.08442e+07
7.81402e+07
7.51519e+07
7.26902e+07
6.99782e+07
6.7422e+07
6.49056e+07
6.25983e+07
6.05991e+07
5.8152e+07
5.63042e+07
5.44251e+07
5.21788e+07
5.03927e+07
4.8468e+07
4.68558e+07
4.49856e+07
4.33112e+07
4.16591e+07
4.02399e+07
3.87074e+07
3.72421e+07
3.58735e+07
3.4537e+07
3.33697e+07
3.19316e+07
3.07934e+07
2.9806e+07
2.85907e+07
2.75264e+07
2.65157e+07
2.54205e+07
2.45139e+07
2.35974e+07
2.27058e+07
2.19065e+07
2.09904e+07
2.0257e+07
1.94282e+07
1.87796e+07
1.80466e+07
1.73791e+07
1.66731e+07
1.60729e+07
1.54725e+07
1.4876e+07
1.42838e+07
1.37038e+07
1.32363e+07
1.27579e+07
1.22268e+07
1.17502e+07
1.13288e+07
1.08878e+07
1.04686e+07
1.00898e+07
9.70398e+06
9.30754e+06
9.00807e+06
8.65371e+06
8.30935e+06
8.02339e+06
7.74169e+06
7.43706e+06
7.183e+06
6.92056e+06
6.62574e+06
6.41752e+06
6.17986e+06
5.94249e+06
5.7148e+06
5.50424e+06
5.31648e+06
5.09511e+06
4.89781e+06
4.7254e+06
4.53512e+06
4.32441e+06
4.17774e+06
3.95612e+06
3.80098e+06
3.6104e+06
3.43741e+06
3.27946e+06
3.11816e+06
2.99641e+06
2.85865e+06
2.74395e+06
2.61207e+06
2.50972e+06
2.38004e+06
2.29068e+06
2.1816e+06
2.10392e+06
2.00038e+06
1.89898e+06
1.82603e+06
1.73582e+06
1.66132e+06
1.5805e+06
1.51718e+06
1.45506e+06
1.39284e+06
1.32718e+06
1.27681e+06
1.20939e+06
1.17293e+06
1.11116e+06
1.0646e+06
1.02011e+06
974109
944971
898275
862396
814505
780073
756512
731198
694259
674865
644196
616881
598556
567680
548478
520191
509675
488914
467555
453911
433481
417365
409929
404860
381660
374619
364241
354045
345783
342196
327140
321839
316117
308864
296258
299165
289612
288966
283365
298553
241502
241073
287396
238091
