1.88462e+06
2.33699e+07
2.5106e+07
2.58108e+07
1.81879e+07
1.5026e+07
1.27933e+07
1.11524e+07
1.00649e+07
8.65603e+06
7.06098e+06
6.36048e+06
5.27678e+06
4.68089e+06
3.92232e+06
3.28869e+06
2.9514e+06
2.67377e+06
2.32681e+06
2.0509e+06
1.82e+06
1.53237e+06
1.32809e+06
1.16415e+06
984272
873456
749012
652741
566579
488577
419857
358634
316419
266144
233282
196622
167255
145378
123618
105732
92159
78413.8
67606.1
58604.7
51472.7
45125.3
39246
31935.4
24532.8
19885.9
15961.6
12967.4
10453.3
8529.36
7013.27
5791.39
4855.86
4064.55
3484.25
2910.58
2455.3
2107.47
1823.64
1566.1
1326.33
1076.37
831.142
691.38
521.701
409.075
337.689
246.748
203.904
170.508
145.934
134.276
126.514
98.2552
96.6406
118.459
